    63313222200
   153342231200
   182442342200
   363433242200
   372221221200
   393333352200
   402323322200
   643413331200
   653343232200
   675523412200
   682232331200
   722213231300
   773334321200
   973333333200
   993333333200
  1061211331200
  1094423332200
  1142222223200
  1194424332200
  1273333332300
  1383412331100
  1391311331200
  1403232331200
  1443423332100
  1553342322300
  1593242231200
  1802322241200
  1871312241200
  1962211141200
  2011121231200
  2064454421100
  2303433331200
  2352233241400
  2433323332200
  2673131333200
  2733222232200
  2803433332200
  3002144343100
  3071212232200
  3202322343200
  3253342442200
  3321322241300
  3342322331200
  3381111231200
  3492323231200
  3612332231200
  3621131321100
  3821121231100
  3873333222200
  3992332321300
  4133423331300
  4221322231200
  4322413232200
  4342322331200
  4351211241300
  4383433241300
  4392222241200
  4423343241200
  4432312231200
  4653333231300
  4804652351200
  4873333342200
  4982332343300
  5012122231200
  5103341153300
  5141212412200
  5161531131200
  5232323331200
  5264453333200
  5331212232300
  5352311141200
  5442432322100
  5622342331200
  5663433232200
  5732211141200
  5864433232200
  5903312323200
  6004323321100
  6192232231300
  6462323332300
  6495534653200
  6533322232300
  6611111142100
  6645555231100
  6673443332200
  6763243241200
  6841312131200
  6893333433300
  6951121232200
  7064313141200
  7142312242300
  7171221341200
  7212332231200
  7244433322300
  7513412332200
  7533234331200
  7552342341300
  7563243423300
  7613433332200
  7663112333300
  7753243422200
  7763222242200
  7773414232300
  7783322231200
  7822322231100
  7832312233300
  7863322332400
  7932122231100
  8012322231200
  8071222231300
  8131131141200
  8142322331200
  8153333432200
  8173312342200
  8183343432200
  8232223331200
  8253223131100
  8295544312200
  8393333333300
  8443443232200
  8493432332100
  8502212231300
  8652622343200
  8763343331200
  8771112241300
  8982221241300
  9031211431100
  9052333432200
  9403343332200
  9453434331200
  9591221231200
  9632322342200
  9725553421100
  9752322231200
  9853544522100
  9932313141200
  9944552511100
  9992222241200
 10062212221200
 10103223421200
 10122211232200
 10141112232300
 10184434241200
 10252311231200
 10373343231200
 10471131141200
 10562431321300
 10613333332200
 10621212212300
 10662323231400
 10741311231200
 10763432511200
 10985444411200
 11002322231300
 11131222241200
 11161311331300
 11182512653300
 11192222332300
 11241212241200
 11285553132100
 11294555641100
 11403434422200
 11473333421200
 11531322332200
 11543333321200
 11642422412200
 11744442231200
 11762231141200
 11792323251300
 11822221231100
 11952222333200
 12013333331200
 12022323331200
 12042322241400
 12112222231200
 12183352422200
 12235343422200
 12242332331200
 12392323231300
 12464423232200
 12482222252300
 12581211231200
 12622311232200
 13002332241200
 13043433332200
 13082244533200
 13092313322200
 13124334423200
 13222223331200
 13253332321200
 13274534422200
 13334544332300
 13352233232200
 13372422653300
 13392222231200
 13462311343200
 13503632243300
 13602232232200
 13702312231100
 13781321231200
 13871221243300
 13881312232100
 13892422232300
 13992322231300
 14093322332200
 14163443332300
 14192212231100
 14211122231300
 14244541451200
 14253413221300
 14592221333300
 14632211242200
 14971211131200
 15152211233300
 15312222231100
 15344334232200
 15483334331200
 15544422222200
 15691111232200
 15852442411100
 16071121231200
 16243333331200
 16313443422200
 16401211231200
 16442213331200
 16552221231200
 16651242331300
 16682333332200
 16843343232200
 16882323232100
 17004442331100
 17015555431100
 17082322321200
 17102343331300
 17191322232200
 17242242331200
 17402322332300
 17412232241200
 17531311331200
 17832331331200
 17942221231100
 17971311242100
 18103344341200
 18132333322200
 18172332413300
 18192322331200
 18244434143200
 18333333332200
 18512222231200
 18552222231300
 18683231231100
 18702322232300
 18722322243300
 18782413122100
 18962212242200
 18994434332200
 19082222141200
 19093333331200
 19111242242200
 19143323332200
 19294224331300
 19373343321200
 19412232233300
 19453322231100
 19471212243200
 19521121231200
 19612212131100
 19643333331200
 19653423232100
 19732233341200
 19833312221200
 19863452431100
 20094443332200
 20103434442200
 20153333333200
 20171222233200
 20321121231200
 20364433333200
 20372212331200
 20431121231100
 20482113231200
 20501112221200
 20532316253200
 20572222331300
 20605544452200
 20613333331100
 20861211141200
 20923434321200
 21003314323400
 21042312231100
 21092221231200
 21201223331200
 21272222253200
 21292212231200
 21311331331300
 21421111131100
 21492222331100
 21561311131300
 21634444431200
 21651111121200
 21674454432200
 21823333331300
 21952221242200
 22162322231100
 22182231333300
 22622321332200
 22763233333300
 22853333331200
 22882432322200
 22943343331300
 22964322233300
 22991111221100
 23193343331200
 23212332232300
 23293343241200
 23393333331100
 23453413231400
 23461111131200
 23593523222100
 23661222231200
 23743423412200
 23793543431200
 23823643432200
 23852223231200
 23872222231200
 23973244353100
 24083333332200
 24203333331200
 24273322333300
 24281221131200
 24293332333300
 24314443332200
 24323444343200
 24352322253200
 24361111131100
 24393323331300
 24422222321300
 24612424232200
 24663423322200
 24961311131100
 25012222222200
 25071112131100
 25173543432200
 25242343321300
 25262231331200
 25403423331200
 25593333333200
 25671321231300
 25704333331200
 25783333321200
 25832222331200
 25862443431100
 25971111231100
 26041321231200
 26113433321200
 26162312232200
 26272412232300
 26281112231300
 26322221242200
 26432221112200
 26452322222200
 26471212221300
 26523342323300
 26551441432100
 26562242422200
 26582333341100
 26642222233300
 26733445412100
 26793323332200
 26812322233200
 26832331321300
 26902322341300
 26953332331200
 27073433321300
 27283323233200
 27513232331200
 27533333342300
 27543342441200
 27554221133300
 27793433331200
 27812333321300
 27824423322300
 27893333322200
 27973343333300
 28111432333300
 28182211231100
 28192322232300
 28222332342200
 28232333332300
 28282533331300
 28293312351200
 28372422322200
 28451121131100
 28522212142200
 28685565652100
 28712312231200
 28762232241200
 28842312331200
 28912212231200
 29052222231300
 29063423332200
 29192312232200
 29252522542200
 29343333331200
 29633311421200
 29683332241300
 29692322231300
 29713433331200
 29852342231200
 29952242141200
 30112332331300
 30221311131200
 30301111143200
 30393423333300
 30463443432200
 30653433411200
 30762241141200
 31084443341200
 31152222331200
 31313333331200
 31422322331200
 31432221231200
 31442211231300
 31543323331200
 31553433331200
 31572343322400
 31641321232100
 31813333331200
 31905265442200
 31952111111100
 31973343322200
 32074434321200
 32081222231200
 32142342243300
 32173323331200
 32251311231100
 32323412342200
 32371212231200
 32472332421200
 32521312321200
 32553342141200
 32585314512100
 32672222231200
 32682212231200
 32733423332200
 32822231231100
 32983334312200
 33031112233300
 33041121231300
 33092312343300
 33172322421100
 33244343332200
 33392322331200
 33503342351300
 33515545421200
 33572322231300
 33692342342200
 33712332332200
 33732333331300
 33864434331200
 33922322233200
 33992322342200
 34001111231200
 34081313131300
 34312443411300
 34393222231300
 34403533322100
 34421122231100
 34462232341200
 34551111241300
 34602122221200
 34612322331300
 34742332221300
 34911311131100
 34942433542200
 35013434433200
 35064433422300
 35232322251200
 35253333331200
 35302322342200
 35493433423200
 35622232232200
 35863232341300
 36012233331200
 36033343312200
 36051111141200
 36141312232200
 36253533243300
 36262222331200
 36393333331300
 36413313131200
 36433423421200
 36442311232200
 36574433412100
 36592122231300
 36673334332300
 36815543332100
 36872333251200
 36901221231100
 37183434332200
 37394434332300
 37442222241200
 37473323232300
 37514345332200
 37553354422200
 37573134332200
 37692222231200
 37763333331200
 37813322331200
 37822232231200
 37832312143300
 37851212121200
 38021121323200
 38062222231200
 38132414242300
 38143333231200
 38252212233300
 38272312221200
 38322323231200
 38825525512200
 38922333351200
 39313311331100
 39372321231200
 39384444332300
 39452121241100
 39473321341200
 39512312441300
 39643442332200
 39723442332200
 39763413231200
 39832333332300
 39953433332200
 39961222341200
 40022412232200
 40175533321200
 40193322321200
 40222332332300
 40351221321200
 40373322341200
 40415555512200
 40712443331200
 40903343332300
 41002142431200
 41012334351200
 41111211131200
 41171311231200
 41263313311200
 41283342331100
 41362221231100
 41471322221200
 41633333322200
 41762212232300
 41822222231200
 41912342331200
 42051231241300
 42062323222200
 42092332241200
 42103432331200
 42234434332200
 42294434432100
 42533423332100
 42623323222200
 42721111131300
 42781121232200
 42851111241100
 43012342321100
 43053342523200
 43073322241200
 43093354331200
 43132322131300
 43183333333300
 43202232431100
 43462222331200
 43473312222200
 43502121131100
 43592222241200
 43673423422200
 43701323221200
 43735443343200
 43973433321300
 43983433353300
 44093323333200
 44123432321100
 44134444443300
 44152221141200
 44162232232300
 44182422331200
 44372132241300
 44383323633300
 44512322331200
 44752222331100
 44843432332300
 44853233231200
 45041112132200
 45072122231200
 45152232233200
 45202222232200
 45224543422200
 45262122141200
 45313322232200
 45355554422200
 45491222331200
 45822422331300
 45865454632200
 45924413422100
 46061212131100
 46152323231200
 46252312331200
 46422222331200
 46482442322100
 46513333331200
 46523323321200
 46803443422300
 46832312241200
 46953323331200
 47012331331300
 47112323331200
 47144544432200
 47263223222200
 47291112131300
 47332312331300
 47393433231200
 47473322332300
 47493333341200
 47552422351200
 47732333331300
 47782112232200
 47841321241200
 47872221231100
 48003333342200
 48084553432100
 48222232333200
 48243321321200
 48493233231200
 48561111131200
 48584354331200
 48683333331300
 48704334233200
 48714555332200
 48961211141200
 49023323331200
 49032332322300
 49044434422200
 49102321231200
 49114454322100
 49192322231200
 49401131241200
 49452312331200
 49572411131100
 49812313311300
 49911121251300
 50103333422200
 50114444332300
 50202122233300
 50241212131300
 50321212341200
 50412342333300
 50613233331200
 50702222222100
 50752333311300
 50762313131200
 50812332331100
 50863343453200
 50901111141200
 50955454352200
 50963334241300
 51144444332200
 51153332322200
 51242322232200
 51265543422200
 51323323353200
 51343423333200
 51372422231300
 51463333333300
 51491131341300
 51512334343200
 51603312131200
 51711111241300
 51793232331200
 51823332223200
 51832322333300
 51874454433200
 51932431433300
 51942242232200
 52002212331200
 52062322351200
 52143253242100
 52174523241200
 52232322131100
 52433352332300
 52491111121200
 52603344422200
 52613323431200
 52673622333300
 52823322433200
 52832242331200
 52922322323200
 52933443323300
 53012322332200
 53032312333200
 53162232241300
 53181322231200
 53222332321200
 53254451541200
 53305553532200
 53332321331300
 53371212131200
 53383423332200
 53432222341300
 53442332341200
 53521232141200
 53565453332300
 53721221231200
 53813354331300
 53833633423300
 53862322232100
 53891211331200
 53953443332300
 53973333331100
 54131121311300
 54192311312200
 54211232331200
 54242211231200
 54272326232200
 54611322333200
 54634442332200
 54683423232300
 54723333331200
 54843433431200
 54873333341200
 54952233232200
 54975555541200
 55073333331200
 55082412232100
 55103433352200
 55153333431200
 55183322331200
 55231211132300
 55261221231300
 55292222241200
 55322222431100
 55372322141200
 55463322221100
 55553323242300
 55561111231300
 55611311242200
 55702212221200
 55772232322200
 55883433351200
 55902632252300
 55952322232200
 55993433323200
 56022512322400
 56081111231200
 56342332331200
 56382231411100
 56522211331200
 56663342351200
 56714313352200
 56751211241200
 56802213331200
 57063422332200
 57071312241200
 57183423352300
 57223333332200
 57253323341200
 57263232323200
 57283322232300
 57372311132200
 57452322331100
 57463323222200
 57514332453200
 57574554431100
 57581211331200
 57623313242300
 57783333431200
 57953311112200
 57972342241300
 57992332331200
 58044524322200
 58104523232300
 58211221353300
 58263343232200
 58363333252300
 58483443332200
 58514342332200
 58543242231200
 58572312331100
 58652222231200
 58683333421200
 58781222241200
 58803323231200
 58822142242200
 58833435242400
 58883343331200
 58923455331200
 59003423332100
 59272332322200
 59312222231200
 59593333331300
 59601133231100
 59662211331200
 59782232353300
 59813333331200
 59833345522200
 59842342242200
 59892333331200
 59913443331200
 59932211231200
 59941331241200
 59972243242300
 59983222321200
 60011131231100
 60043422331200
 60152222231200
 60161221332200
 60222332331300
 60263413332300
 60333322241200
 60453433332200
 60502221343300
 60613453431200
 60632222231300
 60643223333200
 60662333321200
 60711221221200
 60742232333300
 60801111141200
 60811111131200
 60831211231200
 60894443132200
 60952223332300
 60971312241200
 61113342333200
 61122323331200
 61172233321200
 61193634232200
 61235554411300
 61251322432200
 61352121121200
 61484553522200
 61511412332300
 61522221231200
 61541111231200
 61623322222200
 61633333331300
 61732342331100
 61793342143300
 61931221231300
 61943443331300
 62003333332300
 62062332243300
 62152343432200
 62162442322200
 62222222233100
 62234444412100
 62242331221200
 62374444431300
 62441321221200
 62462323331300
 62561211432200
 62583333331200
 62624132121100
 62682221322200
 62722333331200
 62732321231200
 62762432232400
 62851111143300
 62901312243300
 62923323331200
 62962442421100
 62982322332100
 63003453332200
 63023343341200
 63073422351400
 63123343422200
 63132322331200
 63272211222300
 63362322231100
 63443322353300
 63465455422200
 63483332342200
 63492243331200
 63524542422200
 63561111131200
 63673323333300
 63784342323200
 63822432322200
 63964443422300
 64042112132100
 64082221231200
 64163534432200
 64183322232300
 64333323332200
 64343312223300
 64612332332400
 64642321231300
 64662324422200
 64703343242200
 64781131351100
 64811421441200
 64823321422200
 64843122331200
 64983433412100
 65063332331200
 65083452332200
 65115555352100
 65122432332200
 65172322133300
 65312211232200
 65361311231200
 65502343332200
 65514444331100
 65522222421200
 65604433322200
 65653342142400
 65724444332200
 65774443432300
 65822333332300
 65862411241200
 65911122231200
 65933333352200
 65943314331200
 65972332341200
 66062332331300
 66082111131100
 66102322332200
 66184434343300
 66192332322300
 66213243341200
 66282232132100
 66383544511200
 66492322232300
 66732122332200
 66791111131200
 66823323352300
 66962423322200
 67062222231300
 67104444432200
 67272312242200
 67352222331200
 67383332323200
 67613333231200
 67661111131200
 67702212241200
 67735554522300
 68052342431200
 68062522332200
 68071211131200
 68112332342200
 68123423332300
 68203333222200
 68272322333300
 68282323231200
 68293622231300
 68303232331300
 68341221331300
 68423322331300
 68493342241100
 68533242251300
 68663443341200
 68683323231300
 68713412321200
 68741222331200
 68811111141100
 68853443322200
 69133523421200
 69144424232300
 69183422232200
 69245444441200
 69292222232200
 69303433341200
 69333323332200
 69343322222200
 69351111131100
 69364332331200
 69414343331200
 69633222331300
 69664323343300
 69793453333200
 69822311222300
 69933513421100
 69981112131300
 70082233341200
 70102211131200
 70112312132200
 70153423232200
 70174424331200
 70213443431200
 70222222231300
 70273233231300
 70304343422200
 70421111222200
 70472332321100
 70605323222200
 70802323331300
 70812233342300
 70873323331200
 70893332332200
 70934444432200
 71026543421200
 71044242311200
 71081111131200
 71123453521100
 71251231341200
 71283333321200
 71322443432100
 71342223331200
 71473233331200
 71571211242200
 71763453232300
 71811422242300
 71821111131100
 71912312221200
 71943332332400
 72031321231200
 72103433422200
 72152113131200
 72161311132200
 72172323232300
 72192332421100
 72283432252100
 72323222221100
 72353433422300
 72453322331200
 72523453422200
 72554444433200
 72652342331200
 72664244552100
 72722222221200
 72802322342200
 72862332341300
 72963433422200
 73101211241200
 73222333332200
 73472322343200
 73491221231300
 73652221322100
 73694443432200
 73733333333200
 73772322241300
 73783323231200
 73871312231100
 73941313231200
 74003332431300
 74043531431200
 74102333232300
 74202332431200
 74255415412200
 74312221231200
 74322322341200
 74353343331200
 74433322231200
 74623334341200
 74643343331200
 74732232331300
 74771111231200
 74962332333200
 75022222241300
 75042312431200
 75064443422200
 75092241212200
 75121121231200
 75301131231100
 75343323232300
 75432222231100
 75472332331200
 75482332231200
 75505555331200
 75623342331200
 75802422331200
 76023333321200
 76093434331200
 76122211222300
 76153423231200
 76163332331200
 76215345231200
 76242212331200
 76331211421300
 76602231231200
 76673333333300
 76792332322300
 76892211231200
 77033443332200
 77073323231300
 77082422221200
 77121211141200
 77153314331200
 77173322242300
 77252313142100
 77272342322200
 77284554431200
 77362323332100
 77372232333300
 77452142432200
 77532444421200
 77601111141100
 77773443331200
 77824436433100
 77953343333300
 78012323331200
 78184443242300
 78193332412200
 78211411231300
 78302512232200
 78394443332300
 78465444332200
 78493312231200
 78552323331300
 78661112231200
 78702322231100
 78823444333300
 78845543512200
 78993552431200
 79103334421200
 79201311231200
 79292232331200
 79671222431100
 79842322231200
 79885543231200
 80131212142100
 80153343331100
 80232333332200
 80242332333300
 80271121131200
 80304554352200
 80342213231200
 80351121421200
 80373423242300
 80543354442200
 80722333231200
 80771111151300
 80934434332200
 80952322231200
 81081212231300
 81091111231200
 81191211241200
 81244423333400
 81323313412200
 81332342241300
 81471311243200
 81493352321200
 81513212331200
 81652332331200
 81663432131200
 81721222233200
 81741112231200
 81801311141100
 81885543331200
 81893442231200
 81902212231200
 81922223232200
 81933443421300
 81952222331200
 82072341331200
 82103322333300
 82133322231200
 82202322231200
 82242332332200
 82303333341300
 82492422232200
 82623232331200
 82721121241200
 82822411231200
 83001111141200
 83124365133400
 83242212232300
 83392211131200
 83402222223300
 83442323221200
 83454444333200
 83503432333300
 83532112231100
 83561121131100
 83694423232300
 83702332331100
 83712322141300
 83781321341200
 83822221231200
 83921212331300
 83953412132200
 83992312232100
 84113323343300
 84131111131300
 84163343322300
 84192623243400
 84232441243200
 84252222221200
 84322242221200
 84384555322300
 84472432331200
 84492422331200
 84553333322100
 84712332331200
 84873333342300
 85162323221200
 85222232231100
 85354423352200
 85361231231200
 85392113141200
 85432122233200
 85491221231200
 85531111221200
 85603323351200
 85731221331200
 85764532512200
 85821222241200
 85871111231100
 85893333321200
 85912232331200
 85992322231200
 86062321111100
 86143223341200
 86303423332200
 86471141231200
 86501111131200
 86591121151200
 86633543332200
 86863323312200
 86972331331200
 87151231331200
 87162322231200
 87211121231200
 87232222343200
 87313322331200
 87443343431300
 87452311221200
 87832322231200
 87872312132200
 87972212122200
 87993432453200
 88174444243200
 88413443422200
 88452211131200
 88461241231200
 88491111141200
 88503443422300
 88583431341100
 88602222332200
 88703433353300
 88793331242200
 88892222232200
 88952422332300
 88982322323200
 89021132231200
 89052322231200
 89122133141200
 89232321332100
 89262332332200
 89332311133100
 89342413332300
 89432233231100
 89473333332200
 89491222242100
 89503332431200
 89662232231200
 89684524431100
 89772412332300
 89831222331100
 89971221231200
 90011111321100
 90092221243200
 90154452521100
 90212333341200
 90222332441200
 90243443332200
 90292141441200
 90351311131200
 90372112121200
 90621111121200
 90632321212200
 90693112131200
 90742312231100
 90843342431300
 90863335521200
 90994443412100
 91214434321200
 91282321231200
 91414444332300
 91443433322200
 91473332331300
 91572312432200
 91594423242200
 91753334341200
 91763323322200
 91773332231200
 91793322332100
 91821311231200
 91873222232200
 91961222231100
 91991321231200
 92103333332200
 92123433432200
 92212333331200
 92263333331200
 92601221231300
 92691331221100
 92752222331200
 92793252233300
 92803442411200
 92812312253300
 92973442341200
 93031121141200
 93072322231200
 93104443331200
 93142222431200
 93272232231200
 93282222331200
 93302223231200
 93393243331200
 93471212221200
 93571111131200
 93721222233300
 93792323231200
 93882332331200
 94003423332200
 94023344431200
 94115544242200
 94173333331100
 94183333241300
 94215534422200
 94362232333200
 94442212321200
 94493311131300
 94662323231300
 94812332231200
 94841112241200
 94932333332300
 95183333321200
 95202142231300
 95283333331300
 95372241231200
 95423332331100
 95562332332200
 95662231231200
 95731233212100
 95833323352200
 95851221141200
 95931222243300
 95964555432200
 96013413232300
 96052333333300
 96221321331200
 96263333332200
 96305554431200
 96372423332400
 96412322331300
 96422343431300
 96542342343300
 96652312231200
 96672232331200
 96683332332200
 96713423242200
 96753343333200
 96782233332300
 96793353331200
 96811112231200
 96893313132100
 96903433331200
 97112222332200
 97132321231200
 97192143323400
 97212322243200
 97302342431200
 97342242411200
 97412333222200
 97492442332100
 97563322222200
 97642322231100
 97763342232300
 97962243333200
 98163313132200
 98253334333200
 98433322332200
 98462211232200
 98513322233300
 98543333333300
 98553433353200
 98591421422100
 98692322242200
 98753333331200
 98881332311100
 98933432332200
 99031131231200
 99043434332300
 99154534321300
 99213223331300
 99332243353200
 99374453532200
 99433212322200
 99503253421100
 99622111131200
 99663323321200
 99821111111100
 99873333332300
 99882223131200
100092112231200
100142432331200
100163322231300
100212323432300
100233423232200
100262322231200
100271311231100
100305443432300
100372222222200
100381122222200
100402322241100
100473432321200
100493433431200
100533323321200
100575454531200
100623343331200
100693333333300
100723344331300
100871212243300
100892321231200
100902333331100
100953334332200
100963333331200
101132342332200
101143332241300
101212322221100
101293333332200
101352223321100
101363423422400
101374423332200
101463432332100
101512331321300
101582233332200
101623332312200
101633333332300
101732322231200
101754422421200
101792332332300
101902232232100
101982323232200
102013322331300
102053323241200
102421413241300
102462322431200
102491123242200
102722323332300
102784342332200
102792131231200
102913343332200
102973342431200
103003432331300
103022322332200
103253432331200
103352332331300
103382312231300
103442121232200
103452332331200
103471211231200
103492233341200
103632232233200
103734452342300
103753334432200
103791221131200
103863443421200
103871322131200
104032452421200
104132613353300
104172332232300
104202322231300
104402232331200
104483322321200
104503322331200
104603333233200
104632323322200
104652232331200
104684433232200
104763333333300
104772333323200
104912232331200
104942221231400
104972332341100
105032122232100
105043322333300
105092222232200
105102323331200
105202232231200
105222332331300
105392322323200
105422412332300
105432332231200
105483445232200
105512242332200
105672211231200
105693332331200
105703442322200
105833323331300
105932312231100
105953343422200
106132222222200
106203453243200
106252221331200
106343333232200
106441412251300
106512212231200
106532312231200
106683322222200
106693553552300
107152332431200
107163222331200
107202223333300
107242332231200
107272343131100
107401122141300
107424534223300
107482442341200
107514421512100
107542232331200
107552312331300
107662212221200
107722232321100
107732222231200
107793433232200
107881111131200
107893243422100
107962222231100
108262332331200
108463433331200
108495325331200
108563142131200
108874434422300
108952322341100
109054343331200
109064325331200
109083332341200
109192242511200
109221212251200
109281111131200
109362322331300
109393212131100
109583333412200
109801221332300
109882322332300
109902222231300
109923433332300
110112142311200
110162231341200
110223643342200
110241321331200
110692453542200
110853433432200
110915555232200
110941311333200
111012322231200
111072323332300
111093321341200
111122222232200
111293343331200
111302343333200
111322343352200
111502313322200
111533431442100
111563443333200
111633342321100
111643323331200
111681321331200
111782323331200
111862242431200
111913333312100
111971311332200
111991122331200
112022323331200
112031111131200
112164452131200
112192312142200
112273222231200
112293544422300
112304334131200
112322121131200
112344454342300
112483322231200
112501221231200
112723322332200
112741332341100
112842442342100
112882322331200
112892322321100
112903332331200
112971211131100
113002222331100
113112222231200
113131121231200
113192211121200
113212432332100
113242333231200
113454423333200
113623443242300
113691122331300
113732311231300
113901111122200
114052212141200
114064544351100
114331222331100
114342312251200
114372222231200
114423342332100
114473423332100
114532221231200
114562252231200
114593341422200
114623333242200
114653434411100
114733322553100
114834444432200
114894433322200
115062222231100
115182313333300
115231222321200
115253454323200
115322312231300
115431211231200
115492241231400
115723333331200
115751212243100
115823223231200
115862442421200
115952222331200
116046436331200
116053332332200
116191232422100
116213343441200
116262443231200
116272221333200
116382222331100
116594334312200
116702332242200
116912233231200
116973333321100
116982422332200
117034454412200
117171211131200
117212221241200
117253423333300
117451212231200
117612222321200
117902433431200
117941222141200
118021221131100
118052111231200
118064444331100
118093332233300
118282231232200
118303323332300
118322313231200
118373322331200
118573322243300
118712333421200
118802222531200
118813343231200
118843322332300
118861132331300
118932333341200
119044434352300
119223222231300
119391322231300
119423333332300
119583331331200
119663343331200
119823232231200
119851211132300
119872334332200
119923424333300
119931211231100
119983332231200
120023442331300
120233443323400
120283412331100
120292321231200
120363412431300
120451211321200
120601111231200
120652221231200
120683332323300
120732223242200
120931221231200
120973241232200
121003323352400
121034423331200
121142253232200
121252232232200
121274434322200
121301311141200
121323244331200
121393312321200
121442212321200
121451152231100
121514443432200
121542222331100
121572222231200
121601231233300
121613332332300
121641212221300
121692243322200
121714453322100
121732222231200
121842413142300
121892221231300
121923433321200
121961322242100
122044433352200
122052422222200
122112311241200
122132211131300
122162211232200
122202112232300
122251221331200
122533232421200
122553333331200
122592221232200
122644433421200
122683555343200
122723343422300
122841131231100
122892311231200
122951112231200
123003322331200
123012322331200
123051211241200
123102222221200
123141212231200
123202133311200
123281222231100
123333323233300
123502322342200
123513222331300
123642321231200
123654444332200
123832322331200
124102322341100
124244523423200
124261212231200
124433223231200
124471411131100
124492132331200
124573423333200
124584544422300
124593232231200
124623332431200
124652222331200
124842322331200
124852332232200
124863222431200
125061151431200
125143433431100
125162422232200
125221111141100
125302222243300
125343333332200
125384444453300
125443422332200
125503323332200
125594333231200
125793322333200
126321232231200
126352231241200
126393343411200
126402221331200
126472312231200
126631222231300
126713555432200
126783343331200
126921322231200
126933323132200
126952332431100
126992333331200
127014332332200
127022342421200
127132222221300
127194553422100
127262333231200
127292122231200
127364344431200
127433322331200
127583433333300
127652222242200
127712222232200
127862311232200
127942231231100
128002322333400
128042432333200
128052322231300
128061322651300
128103333331200
128124344341200
128322332333200
128363333331300
128402313232200
128432232333100
128522322333200
128664444342100
128734452422100
128792222231200
128803222332300
128861222332200
128883233433200
128913333331300
128943333333300
128983636333300
128993333242300
129013632333200
129093333332300
129203342112100
129252333242200
129262241231200
129304443322200
129321221242200
129341222421100
129353222232200
129431111341200
129521221331200
129552222131200
129683443422200
129754434331200
129771311232200
129822322432300
129883342331200
129913342423200
129952212341200
129983643333200
130252213141200
130291231332100
130321321231200
130353411242200
130513333231200
130552122241200
130592422332200
130632212331200
130723333333200
130801222331200
130842333331200
130851221231100
130922213231400
131043343432200
131082233331100
131131222232200
131243533142200
131411121141200
131492421231200
131652252342100
131913322421200
131963354522100
132013242341200
132083323332300
132141111231300
132163321231400
132351111241200
132385511122100
132453333333200
132472221351200
132542323331200
132581312242200
132611441131200
132642332341300
132763434331300
132822342232300
132853343432200
132884443633300
132942422331200
133043412331200
133171343322100
133202422321200
133452212231200
133532231242300
133554543431200
133561332343200
133832322331200
133843343432200
133882434331300
133982213131200
134013445322200
134123313332100
134152323331300
134262132231300
134293343422200
134363331341200
134371322232300
134385535422100
134422333331200
134472323332200
134662332331200
134683331331200
134823324412100
134841321141200
134884433421200
134894533432200
134911111231200
134962212121200
134972222221100
135012443332400
135053513341200
135164323322200
135273322341200
135372122131200
135471323231200
135561112221300
135583542422300
135623432231200
135762222343300
135783444332300
136051121231200
136202223333200
136232332332300
136263432421200
136311312232200
136333343433300
136343233331200
136365354322200
136404355532200
136422222231200
136452222321200
136494552622100
136571331231200
136583342331200
136622324323200
136684342531100
136713323341200
136802422432200
136831111231200
136902321321100
136921111121100
136962232431100
137092322241300
137113322221300
137183424421200
137253633343200
137263313221300
137322312411200
137383222333200
137425353411100
137492333412100
137853232322200
137884542412100
137993522332100
138032313142200
138121221231200
138172222241200
138211121241200
138262312331100
138273333431300
138292322331200
138302223231200
138372322231300
138411232232400
138472332231200
138563333332300
138672241221100
138732432412200
138873322321200
139032322342300
139153331322200
139262332241200
139333454431200
139373522441200
139553332422200
139583233233300
139652312121100
139663333432200
139693441621200
139892221121200
139903433332200
140042222332200
140101221231200
140173433232200
140193323231200
140232322231200
140282332351200
140402322331300
140462121231200
140613333332200
140663312232200
140712322332300
140722223322200
140751222333200
140803323342300
140972322321200
141071212231200
141162332231100
141253332231200
141262123231200
141354443432200
141423323233300
141472241331300
141563344332200
141612322231300
141701242331300
141722312143200
141803322331200
141823233411100
141883433342300
142082222222100
142123343431200
142163422331200
142272323343300
142283433331200
142362312322200
142373443322200
142383313321100
142404442332300
142623433332200
142643333341300
142722322332200
142805544432200
143124433322300
143243322322200
143283333341200
143553433332300
143741111332200
143892222221200
143931321331200
143956466653400
143963423332300
144093332231200
144102411221200
144121432221200
144162222322200
144271121233200
144443233342300
144543533421200
144761111241200
144913313131300
145093554522200
145192323231200
145233323322200
145303333333200
145534455341300
145622312141200
145635444422200
145762223232100
145782321231200
145911231331200
146022322231200
146032241333300
146041312231200
146074344143300
146203322333300
146382422331200
146462142421200
146552333332200
146581112141100
146692242231200
146722323331200
146732322342200
146753322312200
146852423352300
147002333243300
147032332331300
147093443321200
147382222233300
147473423243200
147543333322200
147613333422300
147721321341200
147783434422200
147831122232200
147874423232300
147922331241300
147953433332300
148233432321200
148293322232200
148312331421100
148322322332300
148512322232200
148521121232100
148553313333200
148693333331200
148713443332200
148804432342200
148882332231200
148903332341200
148912233332300
148992222331200
149043412232100
149051121231200
149142322341200
149161312331200
149274446521200
149361111231200
149393333351300
149644352431200
149661221241100
149701311231200
149733344422300
149801311322200
149842333243300
149852222331200
149882143331200
149893333332200
149931121241200
150142333222100
150163443342200
150182212331200
150553433243300
150563433332300
150904443442100
150994254121200
151023333241200
151271211131200
151353452322200
151402422332200
151473333321300
151483333242200
151542333331200
151551111231200
151562213231300
151574434422200
151621221231100
151673332231200
151713433431200
151763434353200
151783633341300
151862212231200
151921111141200
152093332331200
152192322342200
152252432342300
152522333243300
152604444352300
152722232333300
152732223222200
152751311233300
152961121331300
153062323231200
153173322332200
153202211131200
153212322331300
153242232331300
153292342321200
153311111121300
153413423352200
153562223153200
153572331241200
153593323241200
153613432331200
153663343433200
153691233232200
153722411322200
153751221331200
153953223232200
153972221231200
153991211231200
154003313331200
154015554441200
154033444521100
154062321241200
154162322331200
154172222132200
154191112122400
154244554422200
154301211231200
154333443343300
154512342331200
154533424332400
154672222232200
154713333333300
154752223241200
154782221231200
154872232231200
154912333331200
154932241342200
154992223332200
155101332433300
155122222231200
155212332333200
155221142131100
155416626333200
155574443332200
155634455431200
155731212121100
155763322331200
156001232241100
156013222231200
156025343422200
156151322332200
156342342332200
156351221241200
156361111141200
156372322231200
156394444342200
156464553431200
156533433231300
156562254241200
156642232241300
156703433421100
156732231231200
156752332422200
156763322231200
156831221312300
156892111231200
157014333322100
157083332332200
157191331231100
157363424343200
157472231231200
157503423331200
157743542322100
157953334322300
157974424422100
158041212321200
158183332231200
158212222331100
158332212232200
158362342331200
158485424232300
158612322242100
158683333331200
158761211332200
158813332352400
158843441331100
158852222221100
158921111131100
158941222242200
158962222231200
159033333331300
159041211231200
159183233231200
159331332231200
159342212241200
159444453331100
159761131142300
159813443331200
159993343332200
160052222331100
160073242342200
160092322333400
160152232332100
160241221231200
160393233332200
160434533332200
160444552422200
160493343232300
160852324331200
160883443323200
160901111131200
161263412232100
161273555332200
161312222231200
161321111131200
161341211131200
161383453333200
161422221243300
161502332321200
161512222231100
161595555441200
161622232331200
161663343332300
161724544432200
161772554531200
161812442331200
161843322232400
161882212142200
161894343432100
161962322233300
162002332331200
162294423333200
162301241241200
162312311231200
162342322331300
162381111231100
162392311332200
162432343432100
162513433332300
162581221231200
162592312231300
162603343352200
162744444432200
162753443331200
162923434321100
162932343431200
163105553523200
163131232431200
163283343322200
163322232231300
163342323232200
163662412332200
163672211431200
163753432412300
163813322232300
164083323331200
164135543221200
164172111131200
164204444313300
164214223341300
164233332332300
164344433422200
164352413243200
164453433332300
164613434341300
164633222241200
164643444433200
164793556352200
164823454532200
164851211231200
164942243241200
165013422232300
165024243521100
165113333331200
165152222231100
165162322221300
165354441333200
165422332331200
165543452322100
165582221231200
165682322331300
165751151141200
165822342342300
165853322241200
165873323412200
165903433332100
166172232331200
166243422221300
166271222142200
166353432512200
166373433431200
166382322331200
166462333231200
166533224232300
166552222231200
166604433431200
166703333332200
166751221231200
166943322221200
166981313332200
167014534422300
167045553332200
167121321341100
167173443333200
167201122241200
167302222412100
167322232232200
167332322221200
167371111231200
167413432331100
167434434511100
167503323232200
167542221331200
167632211231200
167683333353200
167691222241100
167733332331200
167773221241200
167782312232200
167812432332200
168093333331200
168293332441100
168313422221100
168344442331100
168385355212200
168401232321200
168472312231200
168481234323200
168592223221200
168602221331200
168683341531200
168713432422200
168871222321200
168883333331200
168892422422300
169102212241200
169182332331200
169283423322300
169312323323200
169493422342200
169533232332200
169582322252200
169632422332200
169671142141200
169701444412200
169793433322200
170072322333300
170131111231200
170203343432300
170221311141100
170343343421100
170562312231200
170573653232100
170653342321200
170783432242200
170793332423200
170812431331200
170842211141100
170912333331300
170973433241200
171052332331300
171233313331200
171293232232200
171342323231300
171452212142200
171514442432200
171572222222100
171592344331200
171644453422100
171663433243300
171722211131200
171793333331200
171951111132200
172093333333400
172173243232200
172283322231100
172341121231200
172412322141300
172422222231200
172434333331200
172473333333300
172511121131100
172562333253300
172612334231200
172632313353200
172653322233300
172692313231100
172892223331300
172934434232300
173152221121100
173163434331200
173203432332200
173213443332200
173491122231300
173522332242400
173532112232300
173582222233200
173631311131100
173643333333200
173682222232300
173753333343300
173761212241200
173841232241200
173901111323200
173951321231200
174012212231200
174041231231100
174113343332100
174172324231100
174322212241200
174372333232200
174442222232200
174533342331200
174583413233300
174821322331200
174872433231200
174881132241200
174912222233300
174924424512100
175283333321200
175402411221200
175424413351200
175734444442200
175745555422200
175762422231200
175793333331200
175823433332200
175942333231100
175994444432200
176023433431300
176042222231300
176053332652300
176081242332100
176141332243200
176203442322200
176252122222200
176453333332300
176523353332200
176653343331200
176752333331200
176852332231200
176992332333300
177112312232300
177173334331200
177193322331200
177311232241100
177643323231200
177692311232100
177732332222100
177782321231100
177803333342300
177873333331200
177911111412100
178012312332300
178053333333300
178182312232300
178292411411200
178432141142100
178472232232200
178593343331300
178623212232300
178731313331300
178843322231200
178963322232200
178981311332200
179033323232300
179044443422300
179102332333200
179153332422200
179161131321200
179284144321200
179362442332100
179381121231200
179622231343200
179793233232200
179833443432200
179853424332300
179872312232200
180061221241200
180073322242200
180093323221200
180114314231100
180171341341200
180272222241300
180543222231100
180583432342200
180623333421200
180713333331200
180721111122200
180803322331200
180813243232200
180822343331300
180832341241200
180942332341200
181032232231200
181193443431300
181202221231200
181232413233200
181282111132200
181322231331200
181373232231200
181472333331200
181562433331300
181732332241200
181762332312100
181792342331200
181872322233300
181952323131200
182023453442200
182072212221200
182232423333300
182352433233300
182622312231200
182651311331200
182782333431200
182791121231200
182851111341200
182904443333200
182991231241100
183024552521100
183123322331200
183171211241200
183223343353200
183231212221200
183263343432200
183293343332200
183341221231100
183572221321200
183623354333200
183721221231200
183742322231300
183753422232200
184153443331200
184213322231200
184302223332100
184462312231200
184472122221100
184502332331200
184541233241200
184553524222200
184632342232200
184652212341200
184693342333200
184712322331300
184962212242200
184973322141200
185102222233400
185173343332200
185202132231200
185372322242300
185412232231200
185533343333100
185711212231300
185734445432200
185791322241300
185802322232200
185922222221200
185963232232200
186003433332100
186141121231100
186304313231200
186334242323200
186441111112200
186493243521200
186534433322200
186713323231200
186792322253300
186822332231200
186901211341200
186971222332200
186982342341200
187051212231200
187232323221200
187293643653200
187344444422200
187391221332200
187413333323200
187553413221200
187562222231200
187733343431200
187761111141200
187791141131100
187841211141300
187861222231100
187961311331300
187973333231200
188002322241200
188081111141200
188193332431200
188282322243200
188341222231200
188402113222200
188701221231300
188772211131200
188841221232200
188852222231200
188902333231300
188952223231200
188972232221200
189053433231200
189081212241200
189102223321200
189142332241200
189322333231200
189332334431200
189433434232300
189472442421200
189482442321100
189571111231200
189592222153200
189622232331200
189643353431200
189662222331200
189803233231200
190021111223300
190171211231300
190242412232300
190301211231200
190353323232300
190381111232200
190391411641200
190421322343300
190493224332200
190502311342200
190512323241200
190734344412300
190802421411200
190833323331200
191043321331300
191103242331200
191212122231200
191364332332200
191402322241200
191532232231200
191561212321200
191601211141200
191672323231300
191802331252300
191832211131200
191872341343200
191903432322100
191963423231200
191981221231200
191993343332200
192022312222300
192121231343200
192183442332200
192192323411300
192222231331200
192263423332200
192484453322100
192533633322200
192541111231100
192733333332200
192742122131200
192823433323300
192912232331200
193123322332300
193263333233300
193342342233200
193412312232200
193514544522300
193543332353200
193582322253300
193642333321200
193843646653200
194041222131200
194093332421200
194183343221100
194192323233300
194363434232100
194372222331300
194461212221300
194483332331300
194574523432100
194582332233200
194591231231200
194603443332200
194631131141100
194693333333300
194702132241200
194793433332300
194833333332200
194972332231200
194993332343200
195001122231200
195242111231200
195351312331200
195494443432200
195563333331300
195582552512100
195753223332200
195792222233200
195902221121200
195912342331200
196003343421200
196082312333200
196111322232200
196123413632300
196133434342400
196283332331200
196373312131400
196452431331100
196473443331200
196513323331200
196534444332200
196611312142200
196822312231200
196932322231300
197033332331200
197142222231200
197212222233300
197232321231200
197303323421100
197442243231200
197504454441200
197601212111200
197711211141200
197973432331300
198251211231100
198263412422300
198402332341300
198583432331300
198612322241200
198631322321200
198642352221200
198753433331200
199032223332300
199061121131200
199352212231200
199391211131200
199412342341200
199451211131200
199502333331200
199514334432200
199521122123200
199572323232300
199622212231200
199681321231100
199742222231200
199863423331200
199872232431200
199923323321100
199932242321200
199984322241300
200061111131200
200132332231200
200263323343300
200332221231200
200341212231200
200404224221200
